%YAML:1.0
---
CameraExtrinsicMat: !!opencv-matrix
   rows: 4
   cols: 4
   dt: d
   data: [ 1., 0., 0., 0., 0., 1., 0., 0., 0., 0., 1., 0., 0., 0., 0.,
       1. ]
CameraMat: !!opencv-matrix
   rows: 3
   cols: 3
   dt: d
   data: [639.020730, 0.000000, 318.994572, 0.000000, 638.523927, 196.103001, 0.000000, 0.000000, 1.000000]
DistCoeff: !!opencv-matrix
   rows: 5
   cols: 1
   dt: d
   data: [-0.378455, 0.175889, 0.000830, -0.000546, 0.000000]
ImageSize: [640, 480]
Reprojection Error: 0.0
DistModel: plumb_bob
