%YAML:1.0
---
CameraExtrinsicMat: !!opencv-matrix
   rows: 4
   cols: 4
   dt: d
   data: [ 1., 0., 0., 0., 0., 1., 0., 0., 0., 0., 1., 0., 0., 0., 0.,
       1. ]
CameraMat: !!opencv-matrix
   rows: 3
   cols: 3
   dt: d
   data: [434.897170, 0.000000, 349.830383, 0.000000, 434.293912, 162.089116, 0.000000, 0.000000, 1.000000]
DistCoeff: !!opencv-matrix
   rows: 5
   cols: 1
   dt: d
   data: [-0.332662, 0.088990, 0.000033, 0.000839, 0.000000]
ImageSize: [640, 480]
Reprojection Error: 0.0
DistModel: plumb_bob
