%YAML:1.0
---
CameraExtrinsicMat: !!opencv-matrix
   rows: 4
   cols: 4
   dt: d
   data: [ 1., 0., 0., 0., 0., 1., 0., 0., 0., 0., 1., 0., 0., 0., 0.,
       1. ]
CameraMat: !!opencv-matrix
   rows: 3
   cols: 3
   dt: d
   data: [536.290478, 0.000000, 400.438189, 0.000000, 537.205784, 178.869176, 0.000000, 0.000000, 1.000000]
DistCoeff: !!opencv-matrix
   rows: 5
   cols: 1
   dt: d
   data: [-0.379184, 0.134957, 0.005788, -0.001840, 0.000000]
ImageSize: [640, 480]
Reprojection Error: 0.0
DistModel: plumb_bob
