%YAML:1.0
---
CameraExtrinsicMat: !!opencv-matrix
   rows: 4
   cols: 4
   dt: d
   data: [ 1., 0., 0., 0., 0., 1., 0., 0., 0., 0., 1., 0., 0., 0., 0.,
       1. ]
CameraMat: !!opencv-matrix
   rows: 3
   cols: 3
   dt: d
   data: [ 5.7405728061178854e+02, 0., 3.7401840006181112e+02, 0.,
       5.7082506076265258e+02, 1.7860114882441471e+02, 0., 0., 1. ]
DistCoeff: !!opencv-matrix
   rows: 5
   cols: 1
   dt: d
   data: [ -4.4755924397347507e-01, 3.8966674363237114e-01,
       9.6372245038396892e-04, -7.7764412314804040e-05,
       -2.5222488596555809e-01 ]
ImageSize: [640, 480]
Reprojection Error: 0.0
DistModel: plumb_bob